InternalClassType: Method
Coordinate3D: [15.950000000000001,-1.6500000000000001,0]
Origin: 6e624974-af48-4ed5-9d84-52c1f31cc822
RandomSeed: 419
UUID: a9c31122-b8e8-4dd6-9816-96154d47eb50
