InternalClassType: Method
Coordinate3D: [20.650000000000002,-1.6500000000000001,0]
Origin: 0bf4dd11-f43f-4e9f-9803-f8706caf6357
RandomSeed: 418
UUID: 40fad64d-836a-4b17-8338-f35b3f83e57f
