InternalClassType: Method
Coordinate3D: [9.4500000000000011,-1.6500000000000001,0]
Origin: 7b6b5101-1d2b-4890-a5f6-00bae8e7b402
RandomSeed: 420
UUID: cb95ba82-e776-41c1-ad33-aa993666e0e9
