InternalClassType: Method
Coordinate3D: [26.400000000000002,-1.6500000000000001,0]
Origin: aa325c59-36a6-40c6-89a8-d59923939f89
RandomSeed: 416
UUID: 32e213c5-79ae-4f6c-a662-740826a4773d
